#OTU ID	NB10	NB11	NB12	NB13	NB14	NB15	NB16	NB17	NB18	NB19	NB1	NB20	NB21	NB22	NB23	NB24	NB25	NB26	NB27	NB28	NB29	NB2	NB30	NB31	NB32	NB33	NB34	NB35	NB36	NB37	NB38	NB39	NB3	NB40	NB4	NB5	NB6	NB7	NB8	NB9
Otu1	19815	0	0	0	0	3327	0	0	0	1899	30825	0	2570	4031	0	0	0	3793	0	0	16868	26953	0	0	0	0	0	0	0	0	7769	0	34218	0	35339	33364	28663	33472	33440	29681
Otu19	1961	884	0	0	0	1033	0	0	0	303	4116	0	356	592	449	0	0	521	759	0	1811	3212	0	0	0	0	250	0	0	328	778	203	4475	0	3514	4290	3337	3627	4385	4729
Otu15	19226	0	0	0	160	0	0	0	0	821	0	0	0	471	0	0	0	127	0	0	0	0	0	0	0	0	0	0	0	0	0	0	0	0	0	345	0	0	0	0
Otu6	3192	408	0	0	0	978	0	0	0	0	5705	0	463	650	0	0	0	415	0	0	1543	4337	0	0	0	0	0	0	0	0	1062	0	5615	0	5690	6164	4000	4697	5855	6075
Otu29	172	136	0	359	0	177	0	0	369	107	435	58	424	388	574	394	435	321	0	379	273	265	0	238	287	560	169	174	582	125	91	214	643	217	318	244	458	488	685	308
Otu3	0	6122	0	2915	1335	4016	1357	0	4754	3075	0	0	10578	9998	15309	7847	5872	5296	0	16756	3424	739	0	1091	5660	5159	5951	2907	5995	2203	0	4683	0	1634	0	0	1509	0	0	955
Otu31	247	272	0	0	0	151	0	0	784	67	442	0	86	45	63	0	0	0	0	191	347	376	0	0	87	41	0	0	64	89	128	56	468	55	456	236	545	361	479	1175
Otu8	470	3061	0	1433	427	1262	302	0	1479	1218	1021	0	3009	3052	4728	3218	2719	1426	0	4579	2205	1191	0	406	1981	1992	2199	509	1604	781	638	1142	1020	531	473	388	2563	1434	503	1601
Otu37	113	136	0	0	0	0	151	0	56	785	447	743	0	0	0	0	0	72	0	0	226	3238	0	0	0	0	0	0	36	39	0	54	0	0	103	0	861	0	0	336
Otu27	63	1224	0	657	107	336	151	0	461	134	52	0	124	171	357	677	642	49	0	197	171	46	0	173	458	487	538	138	498	162	57	350	56	95	0	37	272	115	106	60
Otu4	0	816	0	749	0	0	0	0	0	0	0	0	706	448	1233	8847	9065	492	0	1525	0	0	0	2650	7938	10030	10535	4853	8256	1704	0	7921	0	3171	0	0	0	0	0	0
Otu9	0	0	0	0	534	0	28959	0	1180	2026	465	4142	2072	6314	1080	659	418	18407	0	3812	6959	598	0	0	466	468	0	0	2260	0	0	0	0	0	0	0	0	0	0	450
Otu80	136	68	0	0	0	134	302	0	60	255	78	579	85	45	365	68	62	739	0	248	179	151	0	34	0	45	0	65	558	35	0	562	0	0	465	51	0	0	154	422
Otu51	200	68	0	0	0	53	0	0	0	42	685	0	57	0	84	0	0	39	0	33	47	315	0	0	0	0	24	0	0	28	82	0	486	0	388	248	525	526	396	268
Otu38	212	0	0	0	0	0	0	0	0	31	1353	0	0	0	0	0	0	0	0	0	0	1049	0	0	0	0	0	0	0	41	39	0	234	0	271	168	1284	512	407	249
Otu47	0	68	83	44	1442	107	0	0	0	524	0	212	0	0	0	52	0	88	0	36	0	0	0	0	59	69	37	62	105	0	3686	434	0	0	111	0	62	0	0	0
Otu24	0	1156	0	317	374	739	0	0	212	100	0	0	110	0	357	566	1124	114	0	182	302	0	0	107	301	632	524	176	468	190	0	540	0	187	0	0	0	0	0	0
Otu36	38	204	0	0	0	25	0	0	77	161	84	20	377	105	0	281	525	47	0	651	32	38	0	139	293	351	257	78	127	73	0	121	0	114	24	0	32	0	33	56
Otu44	29	0	0	0	0	0	75	0	0	79	187	234	0	50	0	0	0	0	0	0	0	591	0	0	0	0	0	34	77	21	0	1866	0	77	25	0	271	19	0	115
Otu20	92	272	0	196	53	148	75	0	467	211	82	0	1036	465	1506	898	773	502	0	1749	315	150	0	200	683	449	452	203	385	166	73	277	71	103	0	102	213	0	196	66
Otu79	0	204	0	24	0	146	0	0	242	44	16	10	96	209	32	125	141	176	0	96	74	16	0	41	125	57	131	34	64	24	20	39	0	18	0	0	66	30	0	24
Otu11	0	2109	0	367	1175	1222	5053	0	1106	17181	416	17844	13892	1152	1270	1485	500	3850	0	1185	678	613	0	3029	634	1214	645	473	1830	371	0	4592	0	497	535	0	501	376	486	0
Otu10	0	3878	0	2033	321	2178	830	0	1555	1828	162	236	422	617	443	1553	1652	537	0	612	2073	220	0	397	1569	1407	3394	1017	1720	940	0	1391	0	720	0	0	356	346	0	161
Otu35	0	68	0	382	0	0	75	0	48	0	0	26	0	0	0	0	0	0	0	0	37	73	0	0	42	0	3460	0	0	47	0	0	0	0	82	0	250	1019	0	52
Otu12	0	0	0	112	0	132	151	0	284	98	0	0	1876	1570	3208	3477	1714	1503	96	3349	124	0	0	406	830	818	776	196	354	309	0	189	0	182	0	0	0	0	0	0
Otu42	71	0	0	0	0	88	0	0	0	71	62	0	47	88	74	137	190	0	0	0	39	143	0	43	34	641	381	78	627	37	50	166	87	112	45	93	187	180	160	125
Otu57	24	680	0	91	0	202	0	0	294	42	60	0	84	0	173	372	915	125	0	110	252	31	0	68	166	145	383	154	182	48	27	149	33	67	26	51	0	32	35	80
Otu33	0	476	0	220	53	396	0	0	393	253	0	0	702	453	939	850	698	347	0	290	184	0	0	61	751	835	458	504	511	166	0	328	0	229	0	0	115	0	0	52
Otu90	0	0	0	0	0	0	0	0	0	297	58	109	0	78	0	84	0	0	0	0	166	611	0	0	0	0	0	24	238	24	0	1731	0	28	0	0	243	30	0	109
Otu56	21	0	0	49	0	61	0	0	16	19	58	0	30	0	0	0	0	0	51	0	0	112	0	52	26	0	54	1450	21	947	110	0	73	245	23	0	79	37	51	28
Otu69	0	0	203	294	374	58	0	241	0	56	0	0	69	108	0	159	0	118	85	0	0	0	0	118	30	33	0	170	0	0	23	0	16	568	0	0	0	0	54	0
Otu14	0	1293	0	0	748	1947	0	4146	1982	203	0	0	0	113	0	0	1377	123	5104	0	0	0	0	0	293	596	0	491	0	1728	664	0	0	1744	0	0	0	0	0	162
Otu16	0	408	0	364	0	196	0	0	0	194	0	0	0	108	0	0	0	0	0	113	229	0	0	0	0	0	5850	1890	2985	1823	0	3185	0	1626	0	0	0	0	0	0
Otu25	0	136	0	445	214	521	0	0	1269	815	51	94	310	217	741	263	231	251	0	693	565	0	0	0	333	277	203	0	230	106	0	247	0	91	0	93	0	0	0	58
Otu110	0	68	265	115	267	306	0	990	0	15	22	0	0	0	0	0	0	0	0	36	0	15	0	0	0	0	0	0	47	22	0	0	0	525	0	0	18	0	0	15
Otu13	0	476	600	2140	5983	419	151	1356	191	633	0	180	214	674	0	0	529	0	1451	0	239	0	0	0	0	141	0	6624	0	2101	3662	0	0	2762	0	0	0	0	0	0
Otu59	0	340	206	2423	0	1059	75	121	0	426	0	88	0	0	0	0	0	0	524	0	0	0	0	316	468	439	0	154	36	0	0	0	0	446	0	0	0	0	0	0
Otu22	0	0	0	167	481	0	151	17668	338	0	0	162	0	0	0	181	0	0	425	0	0	0	0	222	0	0	155	897	0	112	1398	385	0	0	0	0	0	0	0	0
Otu126	0	68	99	47	2404	48	226	0	0	0	60	0	0	0	0	0	0	0	0	0	0	0	0	0	0	0	0	0	0	0	0	0	0	47	0	0	0	0	0	0
Otu23	0	1361	154	1647	481	3460	452	2609	0	522	0	2128	0	808	176	0	235	161	3403	0	137	0	0	0	0	0	0	0	232	235	139	0	0	292	0	0	0	0	0	0
Otu21	0	1293	245	301	1122	2935	980	611	212	744	0	0	0	431	0	0	296	0	5621	230	0	0	0	413	394	725	0	723	0	153	0	0	0	4569	0	0	0	0	0	0
Otu72	0	408	108	349	374	520	377	93	0	61	53	64	0	470	0	0	124	0	645	33	50	0	0	227	97	91	0	181	125	0	78	147	0	406	0	0	0	0	0	0
Otu66	0	748	316	1255	0	202	0	495	286	449	0	38	0	0	0	0	0	0	0	0	0	0	0	114	125	107	0	0	0	52	0	0	0	36	0	0	0	0	0	0
Otu2	0	1224	0	505	0	918	0	0	1114	0	0	0	4180	2902	5536	9209	10262	627	0	4227	0	0	0	2693	7538	11361	6526	2015	4697	1683	0	3078	0	2342	0	0	0	0	0	0
Otu101	0	408	45	142	321	205	151	0	2053	309	0	0	295	207	604	209	332	417	0	358	237	0	0	429	479	298	110	417	223	130	0	317	0	235	0	0	0	0	52	0
Otu96	0	680	25	32	214	248	0	1148	99	194	0	0	0	0	0	0	124	0	68	0	0	0	0	0	0	40	0	40	0	0	0	0	0	101	0	0	0	0	0	0
Otu95	0	68	19	220	0	0	0	0	602	228	0	0	0	0	0	0	17	0	0	0	334	0	0	14	0	0	0	0	763	112	0	12	0	71	0	0	0	0	0	0
Otu41	0	952	109	220	481	315	0	0	4994	221	0	86	163	621	482	239	425	413	0	773	794	0	0	97	933	436	241	437	365	157	0	296	0	233	0	0	0	0	0	0
Otu52	0	1224	99	3152	214	1323	0	0	0	1970	0	0	0	0	0	0	0	0	0	0	181	0	0	0	0	0	0	0	784	80	0	0	0	0	0	0	0	0	0	0
Otu65	0	340	28	988	0	92	0	88	103	0	0	80	0	22	0	0	42	0	43	0	0	0	0	447	275	189	0	0	39	48	0	0	0	501	0	0	0	0	0	0
Otu34	0	1020	260	1461	321	374	0	0	141	602	0	0	0	216	0	104	58	53	127	0	780	0	0	320	153	45	0	355	43	0	322	0	0	1091	0	0	0	0	0	0
Otu81	0	476	0	142	0	527	0	11	0	69	0	29	0	0	0	0	0	0	213	18	0	0	0	100	93	0	94	27	0	0	0	0	0	199	0	16	0	0	0	0
Otu583	0	544	326	362	16293	282	2338	0	0	0	0	0	0	0	0	0	0	0	0	0	0	0	0	0	0	0	0	0	0	0	0	0	0	128	0	0	0	0	0	0
Otu92	0	952	35	136	0	337	0	708	0	347	0	0	0	0	0	0	0	0	0	0	0	0	0	0	0	0	0	0	0	34	18	0	0	26	0	0	0	0	0	0
Otu75	0	476	19	18	53	312	0	1393	0	136	0	20	0	80	0	0	0	0	26	0	0	0	0	79	0	0	0	0	0	0	0	33	0	0	0	0	0	0	0	0
Otu48	0	340	0	278	0	673	0	0	723	46	0	0	211	337	377	145	265	292	0	361	87	0	0	25	113	205	0	0	105	0	0	81	0	47	0	0	0	0	0	0
Otu63	0	136	0	116	107	401	75	272	0	94	0	0	0	80	0	0	41	0	1204	0	0	0	0	38	46	40	0	29	0	19	949	0	0	221	0	0	0	0	0	0
Otu17	0	952	4074	576	1656	836	0	158	8934	399	0	0	489	1057	935	313	986	625	954	693	1109	0	0	277	2761	1107	465	761	318	1648	0	939	0	2750	0	0	0	0	0	0
Otu53	0	680	0	239	0	99	0	0	58	23	0	36	43	151	66	536	427	57	0	78	55	40	0	46	170	329	342	187	561	194	0	345	0	93	41	30	0	61	46	0
Otu68	0	408	361	872	0	701	0	203	528	777	0	44	0	0	0	0	0	0	0	0	0	0	0	145	297	0	0	0	0	0	0	0	0	69	0	0	0	0	0	0
Otu60	0	204	223	626	107	517	0	147	548	142	0	28	0	60	0	0	0	0	662	24	32	0	0	241	210	375	0	0	86	0	0	0	0	347	0	0	0	0	0	0
Otu467	0	136	36	63	0	42	0	0	953	23	0	0	60	0	41	56	115	98	0	119	81	0	0	0	89	79	0	76	45	35	0	100	0	14	0	0	0	0	0	0
Otu50	0	204	0	351	481	471	151	0	528	134	0	238	304	244	534	2045	255	682	73	248	476	0	0	3404	230	0	182	188	191	110	2372	193	0	148	0	0	95	0	75	0
Otu412	0	204	68	196	801	46	75	43	24	52	0	0	21	0	0	0	42	0	12	0	0	0	0	0	42	34	0	58	0	15	684	0	0	51	0	0	0	0	0	0
Otu145	0	136	0	189	0	163	0	0	66	123	0	17	0	322	28	0	111	0	82	0	21	0	0	38	115	0	0	118	58	52	41	23	0	537	0	0	12	0	0	0
Otu123	0	68	51	81	0	99	0	18	0	138	0	0	0	0	0	0	0	0	29	0	0	0	0	216	549	74	0	265	0	233	0	0	0	399	0	0	0	0	0	0
Otu5	0	408	36087	705	1496	0	0	2403	0	386	0	0	0	0	0	0	0	0	16155	0	0	0	0	0	0	0	0	0	3001	0	14426	0	0	416	0	0	0	0	0	0
Otu43	0	408	0	100	214	358	1735	0	477	0	0	7257	0	368	391	187	127	182	0	137	179	0	0	1591	137	0	0	343	99	97	5383	0	0	89	0	0	0	0	0	0
Otu40	0	68	44	555	588	444	0	2905	266	201	0	0	0	88	0	36	0	0	0	0	0	0	0	193	0	0	0	0	0	0	0	0	0	36	0	0	0	0	0	0
Otu62	0	136	0	291	107	208	0	0	26	77	0	20	0	51	0	0	77	0	199	0	0	0	0	91	287	0	0	1200	0	216	30	0	0	578	0	0	0	0	0	0
Otu108	0	136	0	63	321	148	0	438	0	86	0	0	0	0	0	0	0	0	417	0	0	0	0	247	0	40	0	185	0	164	87	46	0	112	0	0	0	0	0	0
Otu116	0	68	0	68	0	48	0	803	0	69	0	20	0	0	34	0	0	78	564	0	0	0	0	109	0	45	0	14	0	112	12	0	0	195	0	0	0	0	43	0
Otu83	0	68	30	53	53	74	0	0	242	17	0	0	63	0	245	58	46	223	0	90	189	0	0	0	32	127	0	56	84	76	0	72	0	61	0	0	0	0	0	0
Otu39	0	204	139	291	4060	92	0	7040	286	188	0	0	141	1734	0	0	476	0	461	0	0	0	0	86	83	103	0	1122	0	224	183	0	0	1488	0	0	0	0	0	0
Otu94	0	0	2004	0	321	68	151	350	407	0	0	0	0	80	0	0	594	186	594	0	0	0	0	39	145	0	0	63	0	136	249	0	0	1237	0	0	0	0	0	0
Otu32	0	0	284	0	0	43	0	0	1118	246	0	0	0	0	0	0	42	0	2420	0	0	0	0	874	697	0	0	49	54	0	0	0	0	515	0	0	0	0	0	0
Otu26	0	0	0	0	0	0	0	0	0	0	0	0	324	123	169	793	1091	219	0	188	0	0	0	216	1068	1551	765	368	848	199	0	363	0	233	0	0	0	0	0	0
Otu87	0	0	0	27	0	0	0	0	0	0	0	0	156	108	78	277	269	121	0	430	0	0	0	84	297	234	80	0	109	24	0	102	19	22	0	0	0	0	28	0
Otu70	0	0	10	183	0	65	0	0	189	73	0	25	237	60	0	92	48	190	0	158	105	0	0	21	85	129	155	40	49	60	0	95	0	26	0	0	0	0	0	0
Otu67	0	0	0	97	53	0	0	0	0	0	0	0	0	0	0	0	0	0	40	15	0	0	0	0	18	0	0	2715	0	58	20	0	25	162	0	0	0	0	0	0
Otu49	0	0	0	74	0	55	75	0	0	36	0	32	0	0	0	0	0	0	0	0	0	0	2965	29	0	0	0	0	0	0	0	0	0	0	0	0	0	0	0	0
Otu77	0	0	36	652	0	114	0	0	77	71	0	0	0	63	0	0	0	0	26	72	0	0	0	769	160	0	0	0	0	17	0	0	0	448	0	0	0	0	0	0
Otu76	0	0	44	519	0	98	75	39	48	395	0	248	0	66	0	0	320	0	328	21	0	0	0	1078	440	28	0	47	22	48	60	40	0	706	0	0	0	0	0	0
Otu7	0	0	0	0	0	0	0	0	0	0	0	685	630	664	0	0	0	0	281	0	0	0	46860	0	0	0	0	0	0	0	0	0	0	0	0	0	0	0	0	0
Otu86	0	0	0	2690	0	0	0	0	0	660	0	58	0	0	0	0	0	0	0	0	0	0	0	0	0	0	0	0	0	0	0	0	0	0	0	0	0	0	0	0
Otu28	0	0	0	81	107	119	0	0	0	0	0	0	195	501	1156	444	525	261	0	845	47	0	0	138	406	486	381	138	118	34	0	0	0	57	0	0	0	0	0	0
Otu30	0	0	0	125	0	70	0	0	0	0	0	0	0	0	0	0	0	0	0	0	0	0	0	0	0	0	0	0	0	8754	0	0	0	0	0	58	0	0	0	0
Otu46	0	0	0	264	0	0	0	0	99	73	0	0	0	0	0	0	0	0	0	0	0	0	0	592	1008	145	217	3028	0	1202	0	245	0	908	0	0	0	0	0	0
Otu58	0	0	0	79	321	0	0	0	0	42	0	0	0	309	0	0	82	0	252	0	0	0	0	45	139	110	0	948	0	1655	23	54	0	750	0	0	0	0	0	0
Otu133	0	0	0	131	0	0	0	0	54	0	143	57	11	0	0	22	0	0	0	18	0	836	0	0	0	0	0	20	62	0	0	547	0	0	20	0	121	16	0	62
Otu61	0	0	0	0	53	0	0	0	75	17	0	0	182	783	0	0	38	125	0	0	610	0	0	0	0	0	0	0	107	0	0	0	0	219	0	0	0	0	0	0
Otu54	0	0	0	0	0	107	0	116	205	94	0	113	129	121	233	0	59	219	63	75	470	0	0	6514	517	0	136	105	363	464	0	692	0	0	0	0	0	0	0	0
Otu85	0	0	0	0	0	91	0	0	0	422	0	55	0	60	0	86	0	0	19	0	544	0	0	0	0	0	98	301	922	132	0	135	0	26	0	44	0	0	0	0
Otu411	0	0	0	0	0	0	1056	0	0	0	0	3782	0	0	0	50	0	0	0	0	0	0	0	327	0	0	0	29	0	0	0	37	0	0	0	0	0	0	0	0
Otu362	0	0	0	0	0	0	302	0	0	0	0	1755	17	0	0	0	0	24	0	0	13	0	0	0	0	0	0	0	0	0	0	0	0	0	0	0	0	0	0	0
Otu45	0	0	0	0	0	0	0	0	161	81	0	0	0	207	0	329	34	67	0	0	108	0	0	91	0	0	0	181	39	0	0	3322	0	43	0	0	0	0	0	0
Otu55	0	0	0	0	0	0	0	0	68	0	0	0	182	234	350	243	325	94	0	176	76	0	0	80	452	499	381	76	79	54	0	26	0	124	0	0	0	0	0	0
Otu18	0	0	0	0	0	0	0	0	0	0	0	0	0	0	0	0	0	0	456	0	0	0	0	0	0	0	0	4259	0	10366	0	0	0	195	0	0	0	0	0	0
Otu82	0	0	0	0	0	0	0	0	0	0	0	0	129	0	41	0	0	0	0	0	0	0	0	2605	40	0	0	67	0	0	0	0	0	0	0	0	0	0	0	35
Otu64	0	0	0	0	0	0	0	0	0	0	0	0	0	0	0	0	0	98	0	0	108	0	0	0	0	0	37	42	584	65	0	1843	0	91	0	0	0	21	0	0
Otu98	0	0	0	0	0	0	0	0	0	0	0	0	0	0	0	0	0	0	26	0	0	0	0	2872	0	0	0	18	0	22	0	32	0	0	0	0	0	0	0	41
