OTU_ID	ASIM94	ASIM88	ASIM3	ASIM4	ASIM20	ASIM91	ASIM18	ASIM89	ASIM86	ASIM24	ASIM85	ASIM90	ASIM92	ASIM12	ASIM1	ASIM87	ASIM14	ASIM8	ASIM25	ASIM2	ASIM93	ASIM13	ASIM23	ASIM15	ASIM10	ASIM16	ASIM9	ASIM11	ASIM17	ASIM26	ASIM21	ASIM7	ASIM6	ASIM5	ASIM22	ASIM19
Bacteria;Other	0.0	0.00168476226133	0.0	0.0	0.0	0.00136136741794	0.0	0.0	0.000404858299595	0.0	0.000154846701765	0.0	0.000690369347601	0.0	0.0	0.00246565692145	0.0	0.0	0.0	0.0	0.000633412509897	0.0	0.0	0.0	0.0	0.0	0.0	0.0	0.0	0.0	0.0	0.0	0.0	0.0	0.0	0.0
Bacteria;__Acidobacteria	0.0	0.0	0.000866082061275	0.00161077756626	0.000728385170078	0.0	0.000202942668696	0.00176630434783	0.00148448043185	0.00012137395315	0.0	0.0	0.0	0.000319264414788	0.00033029773982	0.0	8.00288103717e-05	0.000191003724573	0.00276647681041	0.000251889168766	0.0	5.79575750551e-05	0.000257102455328	0.000343745971727	0.000225601227271	6.50533437419e-05	0.000276179516686	0.0	0.000251804599631	0.0	0.000111179053866	0.0	0.0	5.61892453784e-05	7.24847781966e-05	0.00029301882646
Bacteria;__Actinobacteria	0.316309255079	0.391239236241	0.00995994370467	0.0284082588959	0.000291354068031	0.224474360914	0.00121765601218	0.318206521739	0.225641025641	0.00115305255492	0.10436667699	0.154966887417	0.186917500863	0.00223485090352	0.00292549426697	0.280380415639	0.000320115241487	0.000238754655716	0.00417683753729	0.00447103274559	0.070467141726	0.000173872725165	0.00109268543515	0.000816396682851	0.000902404909083	0.000260213374967	0.00078250863061	0.000767328843039	0.00071344636562	0.00194544476179	5.55895269331e-05	0.000435540069686	0.000403728987741	5.61892453784e-05	0.000724847781966	0.000439528239689
Bacteria;__Armatimonadetes	0.0	0.0067390490453	0.000108260257659	0.000585737296822	0.0	0.00756315232189	0.0	0.00285326086957	0.00107962213225	6.06869765748e-05	0.00139362031589	0.00291390728477	0.0003451846738	6.38528829577e-05	0.0	0.00317013032758	0.0	0.0	0.000162733930024	0.0	0.0	0.0	0.0	0.0	0.0	0.0	0.0	0.0	4.19674332718e-05	0.0	0.0	0.0	0.0	0.0	0.0	0.0
Bacteria;__BD1-5	0.0	0.0	0.0	0.0	0.0	0.0	0.0	0.0	0.0	0.0	0.0	0.0	0.0	0.0	0.0	0.0	0.0	0.0	5.42446433415e-05	0.0	0.0	0.0	0.0	0.0	0.0	0.0	0.0	0.0	0.0	0.0	0.0	0.0	0.0	0.0	0.0	0.0
Bacteria;__Bacteroidetes	0.176072234763	0.0278921752153	0.00627909494425	0.0118611802607	0.000509869619055	0.0627741642717	0.00162354134957	0.039402173913	0.0450742240216	0.000728243718898	0.0662743883555	0.121324503311	0.119088712461	0.00108549901028	0.00184023026471	0.116414230363	0.00068024488816	0.000286505586859	0.00431244914565	0.00478589420655	0.0232779097387	0.00046366060044	0.00109268543515	0.000687491943454	0.000902404909083	0.000325266718709	0.000276179516686	0.00179043396709	0.00046164176599	0.00149012790264	0.000166768580799	0.000145180023229	3.67026352492e-05	5.61892453784e-05	0.000362423890983	0.000439528239689
Bacteria;__Candidate_division_BRC1	0.0	0.0	0.0	0.0	0.0	0.0	0.000202942668696	0.0	0.0	0.0	0.0	0.0	0.0	0.0	0.0	0.0	0.0	0.0	0.0	0.0	0.0	0.0	0.0	0.0	0.0	0.0	0.0	0.0	0.0	0.0	0.0	0.0	0.0	0.0	0.0	0.0
Bacteria;__Candidate_division_OD1	0.0	0.0	0.0	0.0	0.0	0.0	0.0	0.0	0.0	0.0	0.0	0.0	0.00811183983431	0.0	0.0	0.0	0.0	0.0	0.0	0.0	0.0	0.0	0.0	0.0	0.0	0.0	0.0	0.0	0.0	0.0	0.0	0.0	0.0	0.0	0.0	0.0
Bacteria;__Candidate_division_TM7	0.0	0.0	0.000108260257659	0.000585737296822	0.0	0.0	0.000202942668696	0.0	0.000674763832659	0.0	0.0	0.0	0.0	0.0	0.0	0.0	0.0	0.000143252793429	0.000162733930024	0.0	0.0	0.00011591515011	0.000192826841496	0.0	0.000225601227271	0.0	0.0	0.000255776281013	4.19674332718e-05	0.000455316859142	0.0	0.0	0.0	0.0	0.0	0.0
Bacteria;__Candidate_division_WS3	0.0	0.0	0.0	0.0	0.0	0.0	0.0	0.0	0.0	0.0	0.0	0.0	0.0	0.0	0.0	0.0	0.0	0.0	0.0	0.0	0.0	0.0	0.000128551227664	0.0	0.0	0.0	0.0	0.0	0.0	0.0	0.0	0.0	0.0	0.0	0.0	0.0
Bacteria;__Chlorobi	0.0	0.0	0.0	0.0	0.0	0.0	0.0	0.0	0.0	0.0	0.0	0.0	0.0	0.0	0.0	0.0	4.00144051859e-05	0.0	0.000108489286683	0.0	0.0	0.0	0.0	0.0	0.0	0.0	0.0	0.0	0.0	0.0	5.55895269331e-05	0.0	0.0	0.0	0.0	0.0
Bacteria;__Chloroflexi	0.0	0.00112317484088	0.000433041030638	0.0024893835115	0.000218515551023	0.00620178490395	0.000405885337392	0.00529891304348	0.00215924426451	6.06869765748e-05	0.0	0.013642384106	0.0003451846738	0.000510823063661	0.00033029773982	0.0	0.000120043215558	0.0	0.000542446433415	0.000251889168766	0.0	0.0	0.000128551227664	0.000257809478795	0.000225601227271	0.000130106687484	9.20598388953e-05	0.0	4.19674332718e-05	0.000869241276543	5.55895269331e-05	4.83933410763e-05	3.67026352492e-05	0.0	0.000144969556393	0.0
Bacteria;__Cyanobacteria	0.000141083521445	0.0516660426806	0.000216520515319	0.00102504026944	7.28385170078e-05	0.000302526092876	0.000101471334348	0.0054347826087	0.000944669365722	0.000182060929724	0.0	0.136158940397	0.0001725923369	0.0	0.0	0.000352236703064	0.000160057620743	4.77509311432e-05	0.000569568755085	6.29722921914e-05	0.0285035629454	0.0	0.000192826841496	4.29682464659e-05	0.000180480981817	0.000195160031226	9.20598388953e-05	0.0	0.000167869733087	0.000434620638271	0.000111179053866	4.83933410763e-05	7.34052704984e-05	5.61892453784e-05	7.24847781966e-05	0.0
Bacteria;__Deinococcus-Thermus	0.0299097065463	0.051291651067	0.0040056295334	0.00658954458925	0.000291354068031	0.0630766903645	0.000202942668696	0.133831521739	0.0523616734143	0.000364121859449	0.0233818519666	0.116026490066	0.0642043493269	0.000702381712534	0.000471853914028	0.0133849947164	0.000160057620743	4.77509311432e-05	0.000678058041768	0.00151133501259	0.254948535234	0.00011591515011	0.000449929296825	0.000300777725261	0.0	0.0	0.0	0.000426293801688	0.000335739466174	0.00887867875326	0.000111179053866	9.67866821525e-05	0.000183513176246	0.000168567736135	7.24847781966e-05	0.00014650941323
Bacteria;__Elusimicrobia	0.0	0.0	0.0	0.000439302972617	0.0	0.0	0.0	0.0	0.0	0.0	0.0	0.0	0.0	0.0	0.0	0.0	0.0	0.0	0.0	0.0	0.0	0.0	0.0	0.0	0.0	0.0	0.0	0.0	0.0	0.0	0.0	0.0	0.0	0.0	0.0	0.0
Bacteria;__Fibrobacteres	0.0	0.0	0.0	0.0	0.0	0.0	0.0	0.0	0.0	0.0	0.0	0.0	0.0	0.0	0.0	0.0	0.0	0.0	5.42446433415e-05	0.0	0.0	0.0	0.0	0.0	0.0	0.0	0.0	0.0	0.0	0.0	0.0	0.0	0.0	0.0	0.0	0.0
Bacteria;__Firmicutes	0.172545146727	0.282852864096	0.0190538053481	0.268560550593	0.000946900721101	0.260474965966	0.00233384069001	0.178260869565	0.242510121457	0.00260953999272	0.0871786930938	0.137086092715	0.31066620642	0.00395887874338	0.00552069079413	0.271574498063	0.000760273698531	0.000429758380288	0.00412259289395	0.00837531486146	0.293903404592	0.000753448475716	0.00456356858208	0.003781205689	0.00157920859089	0.000650533437419	0.000368239355581	0.00281353909114	0.000755413798892	0.0103067179933	0.000555895269331	0.00125822686798	0.00135799750422	0.000561892453784	0.000362423890983	0.00102556589261
Bacteria;__Fusobacteria	0.00395033860045	0.0	0.0	0.000439302972617	0.0	0.00136136741794	0.0	0.0	0.00202429149798	0.0	0.000309693403531	0.0	0.0	6.38528829577e-05	0.0	0.000352236703064	4.00144051859e-05	0.0	2.71223216707e-05	0.0	0.0	0.0	0.0	0.000128904739398	0.0	0.0	0.0	0.0	0.0	0.0	0.0	0.0	0.0	0.0	0.0	0.0
Bacteria;__Gemmatimonadetes	0.0	0.0	0.000649561545956	0.000146434324206	0.0	0.0	0.000101471334348	0.0	0.0	0.0	0.0	0.0	0.0	6.38528829577e-05	0.0	0.0	0.0	0.0	0.000244100895037	0.000125944584383	0.0	5.79575750551e-05	0.0	0.000257809478795	4.51202454541e-05	0.0	0.0	0.000170517520675	0.000125902299815	0.0	0.0	4.83933410763e-05	0.0	0.0	7.24847781966e-05	0.0
Bacteria;__JL-ETNP-Z39	0.0	0.0	0.0	0.000146434324206	0.0	0.0	0.0	0.0	0.0	0.0	0.0	0.0	0.0	0.0	0.0	0.0	0.0	0.0	5.42446433415e-05	0.0	0.0	0.0	0.0	0.0	0.0	0.0	0.0	0.0	0.0	0.0	0.0	0.0	0.0	0.0	0.0	0.0
Bacteria;__Nitrospirae	0.0	0.0	0.0	0.000585737296822	0.0	0.0	0.0	0.0	0.0	0.0	0.0	0.0	0.0	0.0	0.0	0.0	0.0	0.0	5.42446433415e-05	0.0	0.0	0.0	0.0	0.0	0.0	0.0	0.0	0.0	0.0	0.0	0.0	0.0	3.67026352492e-05	0.0	0.0	0.0
Bacteria;__Planctomycetes	0.0	0.0	0.0	0.0	0.0	0.0	0.0	0.0	0.0	0.0	0.0	0.0	0.0	0.0	0.0	0.0	0.0	0.0	5.42446433415e-05	0.0	0.0	0.0	0.0	0.0	0.0	0.0	0.0	0.0	0.0	0.0	0.0	0.0	0.0	0.0	0.0	0.0
Bacteria;__Proteobacteria	0.301072234763	0.180831149382	0.958319800801	0.675647971885	0.996940782286	0.37240962033	0.993404363267	0.314945652174	0.424831309042	0.994720233038	0.716940229173	0.317086092715	0.308595098378	0.990996743503	0.988581135281	0.311553363861	0.997639150094	0.998615222997	0.981638188229	0.98016372796	0.328266033254	0.998261272748	0.991901272657	0.993382890044	0.995713576682	0.998373666406	0.998112773303	0.993776110495	0.997062279671	0.975619851815	0.998777030407	0.997919086334	0.997797841885	0.999044782829	0.998115395767	0.997655849388
Bacteria;__Spirochaetes	0.0	0.0	0.0	0.0	0.0	0.0	0.0	0.0	0.0	0.0	0.0	0.000264900662252	0.000862961684501	0.0	0.0	0.0	0.0	0.0	0.0	0.0	0.0	0.0	0.0	0.0	0.0	0.0	0.0	0.0	0.0	0.0	0.0	0.0	0.0	0.0	0.0	0.0
Bacteria;__Tenericutes	0.0	0.0	0.0	0.0	0.0	0.0	0.0	0.0	0.0	0.0	0.0	0.000529801324503	0.0	0.0	0.0	0.0	0.0	0.0	5.42446433415e-05	0.0	0.0	0.0	0.0	0.0	0.0	0.0	0.0	0.0	0.0	0.0	0.0	0.0	0.0	0.0	0.0	0.0
Bacteria;__Verrucomicrobia	0.0	0.0	0.0	0.000878605945234	0.0	0.0	0.0	0.0	0.0	0.0	0.0	0.0	0.0	0.0	0.0	0.000352236703064	0.0	0.0	0.000162733930024	0.0	0.0	0.0	0.0	0.0	0.0	0.0	0.0	0.0	0.0	0.0	0.0	0.0	7.34052704984e-05	0.0	0.0	0.0
Bacteria;__WCHB1-60	0.0	0.00467989517035	0.0	0.0	0.0	0.0	0.0	0.0	0.00080971659919	0.0	0.0	0.0	0.0	0.0	0.0	0.0	0.0	0.0	0.0	0.0	0.0	0.0	0.0	0.0	0.0	0.0	0.0	0.0	0.0	0.0	0.0	0.0	0.0	0.0	0.0	0.0